51457
16702
41917
73015
42126
31470
62090
54301
64718
69157
2145
81148
16095
37280
40561
99636
79175
96982
69091
19748
27702
64139
36865
96733
50384
53450
8028
1009
64042
884
28034
86723
21040
84317
18386
74381
39964
91955
14523
38185
87800
54617
23252
3202
76845
91512
48255
42162
35424
35591
36919
92822
43907
6048
92760
37679
23262
61636
48617
53817
50054
27501
91382
3996
92565
74606
43541
4861
60868
52992
15425
20012
57117
87180
32472
15660
6318
8958
42791
14058
46188
3543
44548
44717
73670
8537
54144
78081
32865
75283
28498
3931
30205
60752
66696
41384
65519
24818
51728
86763
4272
43962
49712
74824
20171
42309
37248
76588
28536
99991
51215
24326
54575
47178
76885
20909
82903
35386
56569
85001
46687
46018
35642
92660
40976
16412
1135
42758
16008
20674
75531
58224
80704
54301
94252
79607
83214
15683
25094
5571
29570
95323
15645
94282
50668
31231
30383
52876
96517
27365
66742
57475
60978
86517
46588
47641
22492
34851
51747
82093
52911
69211
90437
52769
19387
27653
62599
1903
48460
55909
96054
11604
44374
30167
96156
64480
62469
79742
61018
88885
53698
33850
33548
10994
3262
60573
70864
99686
50578
32361
68264
37999
70633
58710
81380
52454
52414
23308
42530
76852
49323
22456
19507
83868
15291
79604
80693
6934
24076
79319
24037
66178
41643
13571
19923
31016
46513
66199
86559
71779
41305
17278
24142
14796
80936
9395
1871
89624
38878
79558
97091
68941
24775
91674
3130
56463
3668
87235
51480
93192
99218
81424
66690
80443
17877
92330
66071
73665
72737
42118
70747
76878
51932
61842
52776
94695
8405
25039
15605
28638
5986
90120
63816
55139
11938
47658
25616
9393
13536
17365
31861
41149
55451
7403
98941
56285
23807
29246
86731
35450
7794
87491
55086
60237
46923
46289
12809
50350
71377
15138
23260
2595
16295
44104
37646
25742
5402
34981
88967
70137
41810
34488
17279
24052
73478
58937
71380
69191
27268
39957
66785
82949
25816
11424
42250
3729
80563
37434
24569
1281
99908
38182
38769
17253
72165
17408
53058
93834
19957
22882
27111
18489
53335
59543
45236
51867
27351
64250
83265
94069
15901
95361
3700
79166
38707
62716
34741
2313
11664
73513
82411
83875
59414
48503
97572
63143
80329
55298
61664
55435
21067
17522
88311
24943
43068
244
56809
41470
59396
83937
98830
86104
59925
77333
41934
89009
1001
48984
30945
95089
843
50524
31815
72693
37923
11014
20769
81062
12256
33004
83424
78463
85356
26083
93100
92359
35894
91157
10967
18744
60017
98323
26686
67981
32147
22738
74371
21855
13602
76439
39945
41898
53706
7401
28741
54716
25225
39722
11218
49570
72447
53269
26747
89199
68230
42356
6409
78002
34194
61093
69202
96732
34821
48075
20270
42009
17556
31846
15516
6434
36513
5626
97598
48102
40220
6298
10580
1697
63031
10548
25755
99264
62548
83569
54579
26954
82318
10756
85196
65627
36037
64435
87200
12310
37216
23326
42435
96847
6762
24658
94904
62398
66414
14015
93960
14718
5752
5320
75952
42281
20020
64907
52778
35269
52352
15447
73600
36628
49038
24620
99911
4149
7518
85555
3413
71875
94751
92256
43659
71107
38610
14804
15907
25436
83848
35171
35981
56945
92319
52953
96290
38617
70896
53592
5304
285
47635
50712
49207
96506
81195
3959
12237
10168
19325
54008
8058
95994
80712
65406
77788
5149
7458
24958
14513
21224
18458
11165
81136
81016
45130
14327
49078
29724
87540
78830
47026
25657
64904
29995
49987
96725
25910
53266
45843
63669
4461
93386
28237
32644
19855
18599
98419
90168
85607
73039
56923
19552
96598
21554
12740
23066
54880
73398
16866
85760
60773
83033
26441
29418
1946
94530
11600
52954
37545
65789
673
27185
39788
156
47672
63003
45804
12232
25803
5500
57208
66931
83941
85099
61255
72423
87194
46307
12980
32958
14361
96065
20401
88932
10967
56538
42898
10508
9932
57985
18399
74871
46395
71916
28521
43360
15965
2473
59604
62786
61388
19161
7725
35961
47337
87151
13698
94983
21914
80037
82335
77762
87676
7469
26281
6590
62126
18340
85737
86241
20674
81326
15991
77317
26404
741
46946
699
58474
41016
5901
3277
32498
10639
11053
31518
93030
66590
47635
97827
28584
63749
34248
68486
35261
83588
4475
24802
77739
61335
63875
85932
21168
53493
94487
65484
87791
97355
65494
88874
22503
58537
84296
89526
78232
36733
72224
70840
95843
61817
31744
48955
41305
26670
80664
5192
74380
14417
14013
3395
68768
22434
10359
55426
78659
71705
9559
16551
34654
73327
13846
97329
58127
59374
58148
15594
92103
46214
34752
3115
88884
71752
37857
97647
62466
85199
86358
29030
2698
79858
5544
42487
48970
85953
95999
78563
74448
37092
83937
24528
67988
74271
6559
82224
27920
89243
4905
1618
79311
10953
96746
26168
70075
77765
51556
46315
17299
49185
49870
6262
71385
63577
57408
72855
40008
20605
17520
72148
94224
19698
6641
83062
35102
3111
13767
24422
71512
37291
77715
90811
97339
85654
98099
30855
23529
22882
54003
55786
79367
80096
36737
23897
80946
81403
76988
63672
48968
78899
11779
77476
54300
75192
32881
30154
32632
90713
5190
33916
92663
73778
41576
78483
64392
71282
3630
17252
85068
49924
13790
39976
31334
50625
35727
87865
1375
26024
92274
84339
34737
15913
47659
97911
67447
95782
93827
4279
72266
15582
25383
32056
87356
516
523
84197
44756
19872
16882
4533
28992
56519
62815
54604
70064
76399
14153
12602
68192
26253
16128
63495
66977
50264
50430
59607
64818
53236
680
9236
86271
58108
69947
86627
1816
35890
80193
88962
28605
16428
96302
59460
19180
22857
55590
55075
87413
16118
62167
66350
36876
56580
33744
89321
80376
51875
43135
77874
50056
9095
65973
3189
16938
97507
58948
77916
57127
99856
47219
21967
95120
2225
82875
85565
87847
89293
73174
28220
14535
83185
56356
21709
58919
27305
69216
19817
21481
84730
68303
20098
83924
63805
77812
69825
51209
62504
51698
84637
31406
60138
24382
26133
37064
9200
89714
70323
25449
67333
62712
60196
29084
66191
52718
68277
30090
65334
95500
27976
84405
96612
72457
88102
46898
19854
65724
47729
26453
52296
18360
7241
14959
84755
42614
26428
68659
34723
15922
33432
91808
26027
22644
17646
25948
54480
58531
57142
74154
61775
63883
50535
18943
17054
37951
83268
99275
69987
